,0,1,2,4,5,6,7,8,10,11,12,14,15,16,17,19,22,23,24,26,27,28,31,32,33,35,36,38,41,44,45,47,48,50,52,53,54,55,57,58,60,61,62,63,65,66,68,69,70,71,72,73,75,77,78,79,80,82,84,85,86,87,89,91,92,93,95,96,97,99,100,101,102,103,104,105,106,107
0,1.0,0.11988765084532901,0.4909254981473187,0.562724246345385,0.5097538613401613,0.3493264205965711,0.4744743600812577,0.20725968755628604,0.32508905954181816,0.5666327385147677,0.5831736322132457,0.47706714943046086,0.32031673055823806,0.5003927936887421,0.31367224457186105,0.5136734023819909,0.2364478881441121,0.055882007646547244,0.21499235535533479,0.2643166254347023,0.542804893998517,0.20245569299375735,0.32831719978205826,0.7438195518096413,0.1722532753132735,0.5469269040265824,0.24533701220070428,0.15719833132456296,0.1663072719791871,0.3380260767918214,0.1963097457519436,0.2434419399190276,0.42031981069463614,0.1373241931934654,0.2595241767201831,0.5491955170842454,0.25778955258672015,0.19474247135548997,0.35622088472744506,0.4866770329337127,0.09549767374817525,0.20650077216744736,0.30839961221211554,0.4592733691056909,0.570194921864729,0.37516757813443313,0.16467314004102024,0.32676380130045113,0.25087982215829374,0.5429153177826815,0.1508147134405336,0.11052827752652356,0.22766489721139813,0.7784593174911498,0.4373226441029496,0.21686038794652765,0.4826942217403324,0.4558206424148777,0.271880336907222,0.09118764062826337,0.14061438542911037,0.12675524940887756,0.47135960538774796,0.521683794597051,0.23658367418313048,0.3108078123777104,0.3628998208443428,0.291512277195401,0.5360100203213307,0.2913926974020456,0.5392693727077322,0.2913360299594549,0.19725466513776257,0.5404930197911583,0.28646902382201567,0.273727929567268,0.2556440147336341,0.09381475443774971
1,0.11988765084532901,1.0,0.4064264682527405,0.22168061092251556,0.2739263417892817,-0.07689227723837475,0.3050853447075084,0.37649366249727606,0.14458674372040103,0.3660526404853434,0.37118776173592993,0.397421316340898,0.23073206763286475,0.4071093466071894,0.4434731002765216,0.2694085428957188,0.47965380534292257,0.44495118769057523,0.3938651417506714,0.5565577478118512,0.421763286791202,0.035540770537235145,0.4081286051234887,0.13008013847112201,0.499383951078782,0.5115097722443729,0.5109224199525203,0.14585592059165245,0.35682076720970685,0.3086184807522054,0.36823092429430165,0.28361005594487215,0.2943547598833007,0.7108346616534651,0.6314761820071203,0.10982455771999698,0.3945865820548848,0.4230934792986615,0.2389311429811728,0.2466624375377639,0.48052493634730953,0.3768489849675541,0.33255059175767365,0.25251282833243316,0.23468892648158868,0.2972455698190412,0.10364382867318536,0.32281966544336704,0.012324184287602846,0.27648339929846044,0.7306069064565536,0.32832222237013237,0.10291892149920903,0.16032984222905394,0.26449727866223166,0.04861254766843372,0.24038523866639755,0.3889760539570139,0.22883392357293467,0.39428178233095734,0.17473344985630268,0.29911404706996375,0.18934864316399325,0.2999067986537755,0.40442026890173965,0.41252329085874845,0.21944487972222398,0.37155750287650374,0.26415038927568096,0.5065493186367038,0.3914948385878843,0.3549591936026259,0.15494391236435145,0.34946370353578154,0.3299326408745131,0.32281679647223044,0.46115673634745386,0.33410999336101993
2,0.4909254981473187,0.4064264682527405,1.0,0.37932378960472074,0.635845422744751,0.4117917425151171,0.6712941850925034,0.6085380837211991,0.4514808654785156,0.663571298122406,0.6680809855461121,0.6287577152252197,0.6006106734275818,0.5915791753738832,0.42966532707214355,0.7124491930007935,0.597794771194458,0.4598591395687734,0.37299492955207825,0.5890246033668518,0.6206781268119812,0.1329783797264099,0.6402987837791443,0.3896729350090027,0.49023912820112625,0.5961101651191711,0.4610551595687866,0.21989418350737963,0.4650276005268097,0.3124309480190277,0.38197049498558044,0.6084761619567871,0.5758443474769592,0.4160399881260927,0.5694271633772728,0.3626156449317932,0.43061670660972595,0.45820996165275574,0.681728720664978,0.6027599954883391,0.3315164820375424,0.3587208541208695,0.6593464793265663,0.6298452615737915,0.48588323779015,0.534786581993103,0.33181596023921917,0.43195740169527147,0.28405284881591797,0.5659525278161378,0.4048865206479609,0.16634963308477382,0.2174313275967753,0.4908521022114878,0.3894064426422119,0.17822316385486528,0.6628354787826538,0.5461260676383972,0.6381727457046509,0.26614058017730713,0.2519372129510861,0.24392418906726096,0.6864806727230528,0.6167025566101074,0.4344943165779114,0.28358423709869385,0.37957221269607544,0.4812142848968506,0.7375293970108032,0.3817521333694458,0.6022149920463562,0.6209165453910828,0.23229332268238068,0.6958547690701893,0.5107342678640864,0.4581157863140106,0.359808087348938,0.4423801004886627
4,0.562724246345385,0.22168061092251556,0.37932378960472074,1.0,0.40471863223204624,0.17979463867958254,0.34934771411026083,0.2220932375336805,0.2217214278920005,0.40417205134053313,0.47729888809774146,0.38581967336310663,0.27030075975718976,0.3651118559376827,0.26537349550165235,0.41213511772556405,0.30784770198543365,0.19227621946994525,0.2936874913951262,0.37777718047005476,0.35479786545812936,0.19974705492235761,0.28185295969712904,0.2621846634706952,0.25308426734605516,0.4114380020617504,0.31647865256967767,0.13004566841272605,0.25211303342306046,0.2360140718605316,0.26401617006847355,0.2733462716976211,0.37109735411104844,0.24567282114545208,0.2693832072975139,0.7912150177224218,0.26261339490604124,0.24860586897642176,0.3487070673760961,0.3748983946822921,0.1858939039314166,0.2454835836520981,0.28074819677662305,0.3226339205703337,0.30385784864416426,0.36297041275806763,0.1736699046176426,0.2854674413256317,0.25921717027033647,0.5264862262213236,0.2224235853452931,0.17493524157043325,0.18737114440489316,0.33894382922649074,0.494196121441844,0.27625481386870204,0.3475407231565884,0.31430044749014063,0.27925237768740385,0.2203308634966202,0.14357356825625028,0.12464447474556883,0.323313274526473,0.397572934831375,0.33806499995132683,0.22718520678626586,0.2870728500082276,0.2924799422619493,0.39158741776851114,0.26516490343167737,0.3427626095274014,0.30254173892418146,0.16053096357497357,0.418654543148552,0.315940202645896,0.25113655780600014,0.2934049483729899,0.16587216998103776
5,0.5097538613401613,0.2739263417892817,0.635845422744751,0.40471863223204624,1.0,0.37223311496487776,0.541784895818012,0.49884427025651185,0.42931848764419556,0.5200895667076111,0.5669660568237305,0.5134794116020203,0.5272026062011719,0.4697588670127167,0.3284012973308563,0.6785060167312622,0.3605291247367859,0.229166147208624,0.32742300629615784,0.5029911994934082,0.4896097779273987,0.14763778448104858,0.526878833770752,0.3650832772254944,0.29055258986507115,0.529814600944519,0.3653610050678253,0.21685082235836184,0.42507001757621765,0.2562447786331177,0.2986297905445099,0.4909609854221344,0.46449342370033264,0.32031824238554557,0.4441769478849747,0.3958921432495117,0.34048208594322205,0.39334991574287415,0.6091323494911194,0.5404014362625278,0.2521927110218935,0.30393761322466356,0.5723661966808103,0.5994083881378174,0.37975599287446404,0.5071972012519836,0.31471720121998054,0.3597091521546258,0.2362947016954422,0.5431354749428519,0.29994505322571263,0.170942799989566,0.20648518364023402,0.4025663087896131,0.46765029430389404,0.25553202069307135,0.5475568175315857,0.4005432724952698,0.5194834470748901,0.225116565823555,0.19711146366056204,0.18405008879410784,0.6020670968971606,0.5643608570098877,0.39040592312812805,0.3213258385658264,0.3308084011077881,0.44013530015945435,0.6645327210426331,0.260185182094574,0.45616665482521057,0.5246838331222534,0.22273413836956024,0.6806801648277614,0.4528743571605827,0.35946124792099,0.3357880413532257,0.2616950273513794
6,0.3493264205965711,-0.07689227723837475,0.4117917425151171,0.17979463867958254,0.37223311496487776,1.0,0.42645105424575824,0.20360135628495224,0.2962662882489332,0.4198572067982033,0.3253533579347047,0.3781074786457998,0.3003280292342112,0.30082833288802685,-0.0767548612878828,0.44502442035910544,0.0026738187768156445,0.11430868459778992,0.01503436651196021,0.09591705787814726,0.26572679676080213,0.0810379896472496,0.2731965504073303,0.3087470829750392,0.0762282351497357,0.20065961393841278,-0.0969223874309515,0.0949971094279401,0.12018436980216035,0.13104127424526432,0.14182098153428896,0.24947048512023218,0.28103114988825234,-0.04514241880054084,0.1324085699590842,0.22020058971927903,0.10804850083793063,0.016851332700834293,0.47426468805749383,0.36370421769865874,-0.09077777600308452,-0.11329887280899122,0.3583727321902567,0.5078120794521056,0.42593675069700854,0.22338780322136995,0.23858479505504157,0.07873373452878467,0.22036490131361877,0.3325715609071686,-0.010748967783083272,-0.004975282653542473,0.035046316359018524,0.43330887314261435,0.05019648186986122,0.11448223854676005,0.6077541811190081,0.2257860297439004,0.39104472420519515,-0.06077587653346394,0.10487275835245659,-0.06534071877728274,0.48987573146494773,0.3288619904687934,0.030246564280279033,0.010694018908212583,0.10148265755134946,0.14091251397225693,0.4258847840332439,0.13841577780411513,0.3295670470355407,0.24823621703668025,0.010086140091346,0.3709741256426851,0.21437184343437315,0.20650918818193492,-0.0655608824934046,0.11090909314254199
7,0.4744743600812577,0.3050853447075084,0.6712941850925034,0.34934771411026083,0.541784895818012,0.42645105424575824,1.0,0.46720599802401475,0.37395808151983806,0.5991510278553847,0.6097954960396473,0.6175207322440338,0.47741712812913134,0.5699768483812349,0.3351973170421849,0.6626385449997009,0.42369352074622735,0.43787721553550357,0.2818887719282792,0.5959721347863451,0.6042936886587993,0.19931782923615649,0.4913254668761291,0.41033775861132665,0.4712537397927703,0.5670606558547765,0.4132763154464893,0.23937252899941014,0.36713621520558753,0.3907538761500401,0.4129910608731595,0.5139769788140343,0.6175281445104776,0.35123315916210046,0.4982997110060743,0.3960200784833268,0.38196295408768044,0.38347035108569044,0.5983100461586748,0.5749401751071589,0.25259691333058987,0.2913504381773153,0.5733923713681993,0.5863065135712033,0.5204729549352477,0.4412954117490843,0.28023508647376805,0.448114859378814,0.3820876690096274,0.5346891062872302,0.33652339317790203,0.17682382086257264,0.19369615921068545,0.5230321836878361,0.3257041990650738,0.20489912330733825,0.7342916002799085,0.5248429043595164,0.5177778378582064,0.24448106465461175,0.24493097318919743,0.1650777549871847,0.52075750732668,0.5401052543811494,0.40998008389789964,0.19117365328623573,0.3511863973704764,0.41110362439352577,0.6722498981016807,0.37122404657488006,0.5672328074003649,0.6073891598714439,0.18166956698293044,0.5894912704423374,0.4217329871296469,0.418762791448957,0.27716800260847685,0.48162120569961814
8,0.20725968755628604,0.37649366249727606,0.6085380837211991,0.2220932375336805,0.49884427025651185,0.20360135628495224,0.46720599802401475,1.0,0.4907799540606887,0.37899836917344965,0.44822696005591167,0.33693617693782996,0.6071820076814496,0.35512631615617435,0.24225232529569035,0.5639248937700977,0.3738301366685221,0.3245096774330426,0.26622999236532485,0.6281924939283445,0.38985436398548023,-0.14803279861481156,0.5162184675468942,0.14909381692191034,0.38298499775213624,0.3742366141032726,0.43037212426199983,0.01713426104372668,0.5525691128630188,0.1364158629026748,0.3289235819288166,0.5075002101500509,0.3486320901642708,0.37332175339980084,0.5822619655010415,0.22795317545158028,0.3349672212570876,0.454709746588405,0.6779919318535199,0.2955154397968757,0.39334987276709155,0.3094898489223823,0.5610904778255428,0.4562057868044645,0.20018807569049862,0.34671808973067225,0.26088209419714586,0.21355891822905348,0.04494701004804098,0.3612040331788132,0.31346492671202514,0.12648382567482774,0.09035097557055262,0.2074755741044604,0.2422449866579408,0.06186600438736463,0.42594215849956163,0.2858297476071697,0.5359330454903987,0.24856200936379144,0.1849263195561932,0.2350736386340714,0.5396982554432467,0.30660860205937907,0.2686576219375365,0.2622096447225748,0.19082167426194824,0.42129541739224674,0.5219990464331664,0.170034917177318,0.2912833864942048,0.5983947776396442,0.1518924007068896,0.4651267742729791,0.25093494324808663,0.29596143612961445,0.3178758979183475,0.29989080758813386
10,0.32508905954181816,0.14458674372040103,0.4514808654785156,0.2217214278920005,0.42931848764419556,0.2962662882489332,0.37395808151983806,0.4907799540606887,1.0,0.42498835921287537,0.47454825043678284,0.2739102840423584,0.5468648672103882,0.40483971396420165,0.18365077674388885,0.5109645128250122,0.1818353235721588,0.06716494296416343,0.16305337846279144,0.37352973222732544,0.2864762544631958,-0.12181726843118668,0.3065445125102997,0.24175630509853363,0.1644167297725224,0.3707367479801178,0.2968100309371948,0.17279181334523655,0.36338499188423157,0.15475516021251678,0.22301895916461945,0.37016600370407104,0.2498689889907837,0.12695929854010976,0.2247786093568989,0.17928025126457214,0.2264997661113739,0.19104763865470886,0.545421838760376,0.28134884030678353,0.13155468642684806,0.12748137539659554,0.30475853101236733,0.4269230365753174,0.30949528545700916,0.22824448347091675,0.23266411934453382,0.24703594892676897,0.0940798819065094,0.40729269048101846,0.153617305923621,0.07484655186497918,0.1294721663219772,0.3027810622767388,0.25791579484939575,0.10635086315942557,0.37278953194618225,0.23422962427139282,0.3740331530570984,0.11517585813999176,0.13160291364133878,0.15318385584771502,0.43335592721557226,0.3247697949409485,0.2016182839870453,0.23524343967437744,0.1558184027671814,0.26708105206489563,0.43141043186187744,0.010920033790171146,0.3140742778778076,0.3243497908115387,0.12577791512012482,0.4524047725687801,0.23680935175562176,0.2044558823108673,0.2306726723909378,0.12803401052951813
11,0.5666327385147677,0.3660526404853434,0.663571298122406,0.40417205134053313,0.5200895667076111,0.4198572067982033,0.5991510278553847,0.37899836917344965,0.42498835921287537,1.0,0.7701092958450317,0.6683293581008911,0.5615568161010742,0.785908351357537,0.35699349641799927,0.6672351360321045,0.4571852385997772,0.36440065197897803,0.5636293888092041,0.4754672646522522,0.6764318943023682,0.0024927447084337473,0.37007373571395874,0.5317807197570801,0.34728926573985985,0.7307872772216797,0.49594369530677795,0.14823824215088371,0.32101550698280334,0.5142861008644104,0.3278743624687195,0.5211083292961121,0.5456788539886475,0.3225717902564907,0.4223301333322839,0.2792135775089264,0.5085414052009583,0.24943344295024872,0.5098065733909607,0.6146038157976993,0.15816829490751275,0.3328829575013013,0.3650513817696874,0.6435175538063049,0.7040805148230301,0.38823795318603516,0.2983137054725954,0.5487864248910487,0.23950444161891937,0.5873045716927584,0.3843854210018624,0.186470229868675,0.33807932631867404,0.668313343632117,0.3755837082862854,0.13426707421121772,0.6250156164169312,0.5545322299003601,0.4387855529785156,0.17121581733226776,0.26786949405299243,0.26491579133901894,0.48904950998863195,0.6009570956230164,0.45013710856437683,0.40653371810913086,0.5043171644210815,0.35351744294166565,0.6585877537727356,0.3042817711830139,0.705540657043457,0.32505863904953003,0.2938208281993866,0.6617136439701515,0.6113615494868689,0.39923152327537537,0.4747811257839203,0.25136107206344604
12,0.5831736322132457,0.37118776173592993,0.6680809855461121,0.47729888809774146,0.5669660568237305,0.3253533579347047,0.6097954960396473,0.44822696005591167,0.47454825043678284,0.7701092958450317,1.0,0.6464111804962158,0.5897850394248962,0.7071219428458685,0.38853833079338074,0.6972267627716064,0.43905287981033325,0.36456002914698965,0.38458383083343506,0.6690266728401184,0.6454346179962158,0.05974026396870613,0.42806926369667053,0.4841875433921814,0.425762116569437,0.6559701561927795,0.498364120721817,0.119487473808142,0.4024769961833954,0.44452252984046936,0.4736940860748291,0.5411233901977539,0.5729451775550842,0.37777618529211915,0.42137415757936075,0.39407721161842346,0.40512123703956604,0.34900516271591187,0.568257749080658,0.5950202133182211,0.3010212146953399,0.3632928830085497,0.3924490152429584,0.581847608089447,0.5999385722652686,0.4744103252887726,0.29993561695857596,0.5715238920431644,0.2519740164279938,0.6320058621850304,0.3797237404630734,0.20965924285721285,0.24811007541266658,0.5714753643378175,0.4349825084209442,0.21429246738558302,0.5712423920631409,0.606250524520874,0.4679834544658661,0.3067913353443146,0.2648388276122267,0.2801993334539716,0.515090136715754,0.5799113512039185,0.4209739863872528,0.35866284370422363,0.4192054569721222,0.44653114676475525,0.6620529890060425,0.34039655327796936,0.6370800733566284,0.4490799009799957,0.24244685471057892,0.6598398719749135,0.5523624538192997,0.3999851942062378,0.47698330879211426,0.3431197702884674
14,0.47706714943046086,0.397421316340898,0.6287577152252197,0.38581967336310663,0.5134794116020203,0.3781074786457998,0.6175207322440338,0.33693617693782996,0.2739102840423584,0.6683293581008911,0.6464111804962158,1.0,0.32183557748794556,0.6304764244170316,0.4819583594799042,0.590060293674469,0.54864102602005,0.5184149312273768,0.3935346305370331,0.5590811371803284,0.7388516664505005,0.22978049516677856,0.5314604640007019,0.4958708882331848,0.6113549528439137,0.6367844343185425,0.4523787498474121,0.23859954507400657,0.3886992037296295,0.4264413118362427,0.5257030725479126,0.5133240818977356,0.5944437980651855,0.43435992734448203,0.46876069859867303,0.3500553369522095,0.49678489565849304,0.4377307593822479,0.4886741638183594,0.6420563207635978,0.41903736542533837,0.4321829176854625,0.4646044446678865,0.5672558546066284,0.585209578822072,0.5180403590202332,0.2987251188569656,0.4882161677753706,0.2889510989189148,0.5403027004579618,0.4428772592005369,0.24979390667513546,0.24731245284774683,0.5126869661308827,0.32989662885665894,0.18503034090671738,0.6799017190933228,0.5736103057861328,0.49706754088401794,0.42897167801856995,0.2653690052125078,0.2536705628710854,0.4377999639699379,0.5924700498580933,0.486182302236557,0.3516830801963806,0.4310094714164734,0.538932740688324,0.5912904143333435,0.5077548623085022,0.6319512128829956,0.5016735792160034,0.22124210000038147,0.611931395619519,0.6891511477832297,0.4251607060432434,0.47211241722106934,0.38956281542778015
15,0.32031673055823806,0.23073206763286475,0.6006106734275818,0.27030075975718976,0.5272026062011719,0.3003280292342112,0.47741712812913134,0.6071820076814496,0.5468648672103882,0.5615568161010742,0.5897850394248962,0.32183557748794556,1.0,0.4450816742260062,0.20652611553668976,0.5964208245277405,0.2663033902645111,0.24167751641826804,0.35087984800338745,0.5096808671951294,0.3386920690536499,-0.13311339914798737,0.41388359665870667,0.23953719437122345,0.2576431110527024,0.4130483567714691,0.49507609009742737,0.04187756663792081,0.4902994930744171,0.14033544063568115,0.30059200525283813,0.6002457141876221,0.40083178877830505,0.16430483756298359,0.36421702381551957,0.2468966692686081,0.30209746956825256,0.32764434814453125,0.7402797341346741,0.42141024335279675,0.20076633655088308,0.2374950358473142,0.47843692520674974,0.57774817943573,0.2805952399920836,0.46951809525489807,0.33339568694485566,0.3561000105261251,0.05316098779439926,0.45383386167921946,0.195511394173432,0.0026895200879106427,0.14911896181478831,0.30546442510515254,0.33278849720954895,0.09772928618197128,0.4492312967777252,0.2991790771484375,0.5134467482566833,0.143734410405159,0.21994528606825825,0.20530085454016997,0.5394385723123574,0.4050140082836151,0.26243913173675537,0.30507177114486694,0.23938654363155365,0.32647666335105896,0.7139195799827576,-0.015633298084139824,0.36745235323905945,0.525573194026947,0.2185399830341339,0.6291327795814099,0.31704675976966956,0.31594738364219666,0.3467618227005005,0.2532075047492981
16,0.5003927936887421,0.4071093466071894,0.5915791753738832,0.3651118559376827,0.4697588670127167,0.30082833288802685,0.5699768483812349,0.35512631615617435,0.40483971396420165,0.785908351357537,0.7071219428458685,0.6304764244170316,0.4450816742260062,1.0,0.3875864589076067,0.5365309927088333,0.5223770732023484,0.32238665915965,0.5242087545715458,0.5439373314372634,0.6564251829962515,-0.004619988287029825,0.3891856516671806,0.48415980029596317,0.3824981151291595,0.7098343842006115,0.5387111384175299,0.18011373462791735,0.39859240760842646,0.5126802174843732,0.42014458738880545,0.41498490912354197,0.5187892070729216,0.38973926803297804,0.44878606009540356,0.2986851647394713,0.5570893774487534,0.3498713243444223,0.44403349063706454,0.6199779219994594,0.25828338473467505,0.3707723361163301,0.35881104842244343,0.5208523951810036,0.6412701139438048,0.34051057430664416,0.24713271679414275,0.5646118660536646,0.2393090447336616,0.5534696293881283,0.42769473745008535,0.2527688169115832,0.30009365437248314,0.6121414928645135,0.3844630455150865,0.10506605780217283,0.5144953266177593,0.5425222332000081,0.3899188090274388,0.3074142657516079,0.26542517166070767,0.2963002612645311,0.4108771460401751,0.5853693492087967,0.5277425614421732,0.47901867055800945,0.47865102671190163,0.393584849966339,0.5411921003859225,0.34665681393529,0.6142020008244995,0.39314175060447304,0.2614688348258449,0.6235193780026059,0.5258589692982552,0.41043955529960335,0.5623498836537217,0.2878802294257507
17,0.31367224457186105,0.4434731002765216,0.42966532707214355,0.26537349550165235,0.3284012973308563,-0.0767548612878828,0.3351973170421849,0.24225232529569035,0.18365077674388885,0.35699349641799927,0.38853833079338074,0.4819583594799042,0.20652611553668976,0.3875864589076067,1.0,0.34154051542282104,0.6114625930786133,0.3730764884817044,0.40349236130714417,0.5507278442382812,0.477546751499176,0.205011248588562,0.600675642490387,0.18093593418598175,0.579689747666166,0.5636088848114014,0.6960732936859131,0.24651662340467886,0.42397597432136536,0.34765875339508057,0.4146351218223572,0.3892310857772827,0.3967015743255615,0.47077603526902934,0.34596706812151595,0.19437925517559052,0.6016430258750916,0.5595770478248596,0.33213940262794495,0.34246935135840245,0.5618232565630629,0.4942219259605435,0.2508160659819918,0.3076125681400299,0.3572820825646414,0.28682392835617065,0.15793573698788724,0.3115668996143404,0.09218231588602066,0.3365284006520454,0.4696596275444833,0.33091953997211515,0.1440341954251093,0.19361053742181353,0.36894577741622925,0.14087902757608003,0.36026468873023987,0.4023636281490326,0.34684786200523376,0.4822385013103485,0.16353915830889867,0.3547081715149313,0.2854450376708551,0.43247607350349426,0.553762674331665,0.44828638434410095,0.2528265714645386,0.5125706195831299,0.3489755392074585,0.38887807726860046,0.3759042024612427,0.39921218156814575,0.1694222390651703,0.4365912487216901,0.5066816037188447,0.25754278898239136,0.5200203061103821,0.24883350729942322
19,0.5136734023819909,0.2694085428957188,0.7124491930007935,0.41213511772556405,0.6785060167312622,0.44502442035910544,0.6626385449997009,0.5639248937700977,0.5109645128250122,0.6672351360321045,0.6972267627716064,0.590060293674469,0.5964208245277405,0.5365309927088333,0.34154051542282104,1.0,0.374433696269989,0.3722803290386153,0.3563377857208252,0.5409358739852905,0.561832845211029,0.185445636510849,0.5513432621955872,0.37934496998786926,0.3436851450264778,0.6071422696113586,0.37861010432243347,0.17334377995813727,0.4545931816101074,0.3619326651096344,0.3216738700866699,0.6241732835769653,0.5837033987045288,0.28007136609148925,0.4447481375997243,0.40915393829345703,0.4258216917514801,0.3416106700897217,0.670284628868103,0.619708149044321,0.19832403791834963,0.27213938933689086,0.5756376370148426,0.6323167681694031,0.5183343989214686,0.45902004837989807,0.3517995916573308,0.4054052023790753,0.33627986907958984,0.5748959228649336,0.3045385939172044,0.20112240328204714,0.23228331472516567,0.4814743178656633,0.4470345675945282,0.36905419465790706,0.6422721743583679,0.4656996726989746,0.6111149191856384,0.20867079496383667,0.21982249996431963,0.20699622456824973,0.664311287911692,0.601567268371582,0.39659956097602844,0.27409636974334717,0.3633510172367096,0.4326269030570984,0.7626121640205383,0.27408233284950256,0.5457276701927185,0.5688520073890686,0.2237674444913864,0.6746849441213598,0.5321301089868591,0.3832819163799286,0.28227129578590393,0.2908336818218231
22,0.2364478881441121,0.47965380534292257,0.597794771194458,0.30784770198543365,0.3605291247367859,0.0026738187768156445,0.42369352074622735,0.3738301366685221,0.1818353235721588,0.4571852385997772,0.43905287981033325,0.54864102602005,0.2663033902645111,0.5223770732023484,0.6114625930786133,0.374433696269989,1.0,0.45784644101479877,0.6194426417350769,0.6471067070960999,0.4782656729221344,0.12766478955745697,0.45723479986190796,0.1804834008216858,0.6281996391409208,0.5595384836196899,0.7164255380630493,0.18232775942776805,0.47229835391044617,0.44817620515823364,0.5562035441398621,0.3712896704673767,0.3923349678516388,0.4557063511547659,0.5014104602567345,0.23024140298366547,0.6532561182975769,0.5788640379905701,0.36448919773101807,0.43992216726479855,0.5674355941326874,0.5630897570246896,0.34594803997200585,0.33136507868766785,0.3432344953307391,0.4252210557460785,0.1825235521379991,0.3922069554399876,0.2017732858657837,0.34817857339611996,0.4283461607467197,0.19116664500286512,0.2709958128024953,0.23979211788988464,0.33231282234191895,0.12021517802903271,0.39530956745147705,0.46073290705680847,0.32610389590263367,0.48342248797416687,0.23755040802678323,0.310218393441526,0.2962204440635381,0.43573105335235596,0.6424655318260193,0.3789370656013489,0.42785748839378357,0.5150055289268494,0.36052370071411133,0.3849274516105652,0.39048823714256287,0.4405445158481598,0.22299623489379883,0.4363127025452084,0.46673935192292326,0.3397507667541504,0.6237984895706177,0.349089652299881
23,0.055882007646547244,0.44495118769057523,0.4598591395687734,0.19227621946994525,0.229166147208624,0.11430868459778992,0.43787721553550357,0.3245096774330426,0.06716494296416343,0.36440065197897803,0.36456002914698965,0.5184149312273768,0.24167751641826804,0.32238665915965,0.3730764884817044,0.3722803290386153,0.45784644101479877,1.0,0.33198781150065637,0.4875891195744828,0.445518142223088,0.16028988007877187,0.4678686370885909,0.0962914275570108,0.6341889234582003,0.3766512926445717,0.39154210929929834,0.1389899843896952,0.2869404175681188,0.2603281917614192,0.478193642373098,0.3731103289491489,0.3958377492359595,0.4995341475630244,0.5015639487823061,0.16318052063796748,0.4230252398567522,0.3616639272568227,0.3203476144652969,0.32603659586155936,0.41067152566153564,0.35223805680734105,0.28674928830057356,0.23738777040819906,0.2387886572556578,0.2757995518160646,0.1356151389315238,0.31886015611643465,0.2021999986618311,0.23884033207356642,0.47070806576124746,0.24238146855421858,0.11336469830728653,0.16529062643342757,0.1140060794780253,0.07607525580635754,0.4505014825594033,0.4176135961577671,0.4241123324599355,0.4517157380735652,0.17322336340932826,0.2682833470518193,0.20521226262442643,0.29141121059913555,0.37082289096213006,0.1667696185257234,0.265481853081222,0.3732201498777644,0.35688047875966333,0.49193323283098456,0.38379533301335855,0.40231650430014304,0.12899205353595902,0.2983110571208949,0.3589121490301653,0.2818271238275034,0.3267339971199508,0.4166829805127613
24,0.21499235535533479,0.3938651417506714,0.37299492955207825,0.2936874913951262,0.32742300629615784,0.01503436651196021,0.2818887719282792,0.26622999236532485,0.16305337846279144,0.5636293888092041,0.38458383083343506,0.3935346305370331,0.35087984800338745,0.5242087545715458,0.40349236130714417,0.3563377857208252,0.6194426417350769,0.33198781150065637,1.0,0.5149685740470886,0.38613930344581604,0.013734126463532448,0.3432275354862213,0.21763567626476288,0.32984554951317824,0.596579372882843,0.6525494456291199,0.1483572749128386,0.4202398955821991,0.3561781644821167,0.3011671006679535,0.3703077435493469,0.33246052265167236,0.26921926140226954,0.3706411746513558,0.15563161671161652,0.6622657179832458,0.4384617507457733,0.31824296712875366,0.4382617157042717,0.25557190219907944,0.48502502087411936,0.22744418758157287,0.34359630942344666,0.30517005117353724,0.31178924441337585,0.17029736649845065,0.3370296644199004,0.09199492633342743,0.28990225294108374,0.3285098396326267,0.14418378919021782,0.4160351282532333,0.2268825777798428,0.3545304536819458,0.08105836574893986,0.31105393171310425,0.2900964617729187,0.3031705617904663,0.24419055879116058,0.19614314379036693,0.2852304564759659,0.2771834767648955,0.40810999274253845,0.5741210579872131,0.40109890699386597,0.5677922368049622,0.34605875611305237,0.37019360065460205,0.14227497577667236,0.3378695547580719,0.2708784341812134,0.2987557351589203,0.42428808135087887,0.41103897936529477,0.2720290720462799,0.6902570724487305,0.13536368310451508
26,0.2643166254347023,0.5565577478118512,0.5890246033668518,0.37777718047005476,0.5029911994934082,0.09591705787814726,0.5959721347863451,0.6281924939283445,0.37352973222732544,0.4754672646522522,0.6690266728401184,0.5590811371803284,0.5096808671951294,0.5439373314372634,0.5507278442382812,0.5409358739852905,0.6471067070960999,0.4875891195744828,0.5149685740470886,1.0,0.4981990158557892,0.07381188124418259,0.5879020690917969,0.21214167773723602,0.674513747007097,0.5991212129592896,0.7003026604652405,0.18370911681041,0.6330271363258362,0.3905559182167053,0.645587682723999,0.5437796711921692,0.5205283164978027,0.5890120994678804,0.6288346048716857,0.3296717703342438,0.5672274231910706,0.6904338598251343,0.6230615973472595,0.4632481701167968,0.6574360889377349,0.5680495257878057,0.5482866131731438,0.4880845844745636,0.3758101302670428,0.46975213289260864,0.2733453338914471,0.4823392460819263,0.16622048616409302,0.4808706872537158,0.5167582041397213,0.2745035605203492,0.2038019540764272,0.27960649902243095,0.4081028699874878,0.169195363642766,0.5048458576202393,0.4547463655471802,0.5106525421142578,0.5592819452285767,0.25026969981933916,0.3678298221544457,0.4549675710106742,0.48508527874946594,0.5653127431869507,0.4134943187236786,0.3596199154853821,0.6472675204277039,0.5418348908424377,0.3839644491672516,0.4295854866504669,0.66277676820755,0.21980693936347961,0.5727503302885313,0.4873890791131545,0.37000900506973267,0.6593858599662781,0.44553205370903015
27,0.542804893998517,0.421763286791202,0.6206781268119812,0.35479786545812936,0.4896097779273987,0.26572679676080213,0.6042936886587993,0.38985436398548023,0.2864762544631958,0.6764318943023682,0.6454346179962158,0.7388516664505005,0.3386920690536499,0.6564251829962515,0.477546751499176,0.561832845211029,0.4782656729221344,0.445518142223088,0.38613930344581604,0.4981990158557892,1.0,0.17560812830924988,0.46789202094078064,0.6294551491737366,0.5157987236651044,0.7127843499183655,0.50779128074646,0.22604592389035555,0.31082621216773987,0.41211044788360596,0.39262717962265015,0.47411778569221497,0.5850712060928345,0.4672670570030674,0.5192210882904008,0.3078427016735077,0.41602209210395813,0.3852614164352417,0.39737892150878906,0.5998480059350658,0.3122596028504478,0.3535491674229767,0.3996812638038853,0.513842761516571,0.6231111019807152,0.39912357926368713,0.23731838559442106,0.4446448982425365,0.23955188691616058,0.5094136559826913,0.44739665693122393,0.2585730759576118,0.25890734563215195,0.5888824814443593,0.3674045205116272,0.1475173473422295,0.5682091116905212,0.5889828205108643,0.4242144823074341,0.33311885595321655,0.2548700000586587,0.25289188115271516,0.4245367328540738,0.5676726698875427,0.47038573026657104,0.4024033844470978,0.4665239751338959,0.40108948945999146,0.5786324143409729,0.5132471323013306,0.6947761178016663,0.4823175370693207,0.22884178161621094,0.6053719178129748,0.5919716727640425,0.4232623279094696,0.4390428066253662,0.33022668957710266
28,0.20245569299375735,0.035540770537235145,0.1329783797264099,0.19974705492235761,0.14763778448104858,0.0810379896472496,0.19931782923615649,-0.14803279861481156,-0.12181726843118668,0.0024927447084337473,0.05974026396870613,0.22978049516677856,-0.13311339914798737,-0.004619988287029825,0.205011248588562,0.185445636510849,0.12766478955745697,0.16028988007877187,0.013734126463532448,0.07381188124418259,0.17560812830924988,1.0,0.2619638442993164,0.09990611672401428,0.15679882254190958,0.1347573846578598,0.036111824214458466,0.33652756627517233,0.006988103035837412,0.12319831550121307,0.14444248378276825,0.07971393316984177,0.3052237629890442,0.11524529355364718,0.10629681759543926,0.29883402585983276,0.04383232444524765,0.16090938448905945,0.04671681299805641,0.3008982216958876,0.06149024286656125,0.1223413858833218,0.27695660587178494,0.12709179520606995,0.1281951063976818,0.22058220207691193,0.04011692821214474,0.21673947878826716,0.2743384838104248,0.1827204197517978,0.13018105465569343,0.1318441508921611,0.13960402456072232,0.13202984793724265,0.23635897040367126,0.3714881750983351,0.1623704880475998,0.14281019568443298,0.15962041914463043,0.14363247156143188,0.058659358513242575,-0.0010725297900870373,0.1606839387272146,0.307455837726593,0.15262189507484436,-0.041016969829797745,0.20560109615325928,0.13370728492736816,0.23170635104179382,0.46724021434783936,0.13513022661209106,0.28589650988578796,0.1035638153553009,0.17792258856880547,0.1723575657488702,0.17143642902374268,0.055737026035785675,0.13066495954990387
31,0.32831719978205826,0.4081286051234887,0.6402987837791443,0.28185295969712904,0.526878833770752,0.2731965504073303,0.4913254668761291,0.5162184675468942,0.3065445125102997,0.37007373571395874,0.42806926369667053,0.5314604640007019,0.41388359665870667,0.3891856516671806,0.600675642490387,0.5513432621955872,0.45723479986190796,0.4678686370885909,0.3432275354862213,0.5879020690917969,0.46789202094078064,0.2619638442993164,1.0,0.16578912734985352,0.5446141200732487,0.4832221269607544,0.48511600494384766,0.3068088874725387,0.537111759185791,0.19278870522975922,0.374684602022171,0.5397830009460449,0.5141048431396484,0.40900907190121016,0.5452189491970721,0.3307512700557709,0.4465474486351013,0.5851006507873535,0.6188005805015564,0.5136917020226143,0.39243223489964896,0.3585146047498726,0.6497768148865948,0.5265626311302185,0.27539501512464404,0.5261728167533875,0.28051474365711415,0.39292993460923514,0.09404364973306656,0.334954192186869,0.46645981161913574,0.1704577302396677,0.14720170631043167,0.22590669173535433,0.36585912108421326,0.14542833811007172,0.5748093724250793,0.34560781717300415,0.5485785007476807,0.4213452637195587,0.22793937487719204,0.3233118640464097,0.574149651806419,0.5275010466575623,0.3952265679836273,0.3507652282714844,0.28290826082229614,0.4987300932407379,0.6127475500106812,0.42821258306503296,0.34480056166648865,0.7260322570800781,0.19567881524562836,0.5480983226428666,0.43884639745418424,0.42079365253448486,0.3712807595729828,0.33773085474967957
32,0.7438195518096413,0.13008013847112201,0.3896729350090027,0.2621846634706952,0.3650832772254944,0.3087470829750392,0.41033775861132665,0.14909381692191034,0.24175630509853363,0.5317807197570801,0.4841875433921814,0.4958708882331848,0.23953719437122345,0.48415980029596317,0.18093593418598175,0.37934496998786926,0.1804834008216858,0.0962914275570108,0.21763567626476288,0.21214167773723602,0.6294551491737366,0.09990611672401428,0.16578912734985352,1.0,0.18584028392973262,0.5631990432739258,0.2094806283712387,0.09704630255384082,0.10674084722995758,0.14618979394435883,0.18988242745399475,0.1601528376340866,0.3351401686668396,0.13661089336455332,0.24416079050705033,0.22360137104988098,0.19664643704891205,0.16996605694293976,0.24321787059307098,0.4022751507331877,0.1301781167169753,0.21895925909447636,0.21046855671252257,0.38108745217323303,0.5339888684967328,0.2508692443370819,0.10294613749153578,0.2854941439031909,0.21500639617443085,0.3995496737569622,0.12890565554925362,0.08900045573624142,0.20974703530307173,0.7343362977463944,0.23157674074172974,0.11165107393858588,0.38976389169692993,0.4238169491291046,0.1925530880689621,0.08132129162549973,0.12935293581564242,0.1034067907695157,0.31312579113743483,0.3960663378238678,0.20395609736442566,0.2634737491607666,0.4167308211326599,0.2579626142978668,0.42348989844322205,0.2694608271121979,0.5083310008049011,0.19134435057640076,0.16949334740638733,0.41775577438976297,0.2189606365596636,0.22558867931365967,0.29133591055870056,0.08988580107688904
33,0.1722532753132735,0.499383951078782,0.49023912820112625,0.25308426734605516,0.29055258986507115,0.0762282351497357,0.4712537397927703,0.38298499775213624,0.1644167297725224,0.34728926573985985,0.425762116569437,0.6113549528439137,0.2576431110527024,0.3824981151291595,0.579689747666166,0.3436851450264778,0.6281996391409208,0.6341889234582003,0.32984554951317824,0.674513747007097,0.5157987236651044,0.15679882254190958,0.5446141200732487,0.18584028392973262,1.0,0.45471646145553485,0.5846753817537788,0.2424196735843839,0.438991114493906,0.22591907207667716,0.6643264679350686,0.39454780640104925,0.41711778722477744,0.4923381799565216,0.4699959523748655,0.23499421278445778,0.3926811335990229,0.5095154354912748,0.4519332726519246,0.3715213120468426,0.560668066801078,0.3948121433805677,0.34527998745531263,0.32858106934505,0.25077968092242764,0.46500655989843687,0.15915099964526866,0.37903374411618396,0.17251718715510744,0.315295964040816,0.45366501754226857,0.1682214642169785,0.1147773043052306,0.20561475730178178,0.20385518876253286,0.09805887839597306,0.5037533716977651,0.4260895600345817,0.3742582395363185,0.5836958337406232,0.2622593760691239,0.30522544037792637,0.2777739373197536,0.3592930579154519,0.43152173899943835,0.26979234430113563,0.27443670375123774,0.47202355932341294,0.3503939851154758,0.44650867655791265,0.3885731766848977,0.5403557638307385,0.13039115266916906,0.37521742067918085,0.40144626009729845,0.34853767971204586,0.47434206710725624,0.4202141064631148
35,0.5469269040265824,0.5115097722443729,0.5961101651191711,0.4114380020617504,0.529814600944519,0.20065961393841278,0.5670606558547765,0.3742366141032726,0.3707367479801178,0.7307872772216797,0.6559701561927795,0.6367844343185425,0.4130483567714691,0.7098343842006115,0.5636088848114014,0.6071422696113586,0.5595384836196899,0.3766512926445717,0.596579372882843,0.5991212129592896,0.7127843499183655,0.1347573846578598,0.4832221269607544,0.5631990432739258,0.45471646145553485,1.0,0.6335994005203247,0.226218761151355,0.3954436779022217,0.4511421024799347,0.3746073842048645,0.439079612493515,0.5291333198547363,0.5073592013395201,0.5467302084850642,0.2776472866535187,0.6042274236679077,0.42038658261299133,0.42873820662498474,0.5541424623152269,0.3498791995248256,0.42298515709006934,0.39282024697077184,0.5271866917610168,0.6045514532754998,0.3848688006401062,0.24424489604259245,0.461101398029082,0.22656884789466858,0.5591308361239191,0.5458927879443531,0.3190595143189825,0.33902554435634247,0.5435614520975388,0.4688665270805359,0.25481747702089264,0.5569607019424438,0.5469323396682739,0.355061411857605,0.31939536333084106,0.24040138897716942,0.32807878974983784,0.416240552573002,0.6571270227432251,0.5748945474624634,0.4954628646373749,0.5312743782997131,0.4421510100364685,0.5460996627807617,0.41772544384002686,0.6308978199958801,0.3913424611091614,0.2737210988998413,0.6583258620584977,0.546771394411292,0.4096512794494629,0.5690942406654358,0.26135513186454773
